em: 0.10138504155124654
f1: 0.1580718821602298
acc: 0.1731301939058172
