em: 0.23047091412742382
f1: 0.32742718802751186
acc: 0.34958448753462606
