em: 0.29030470914127426
f1: 0.40446340372154055
acc: 0.4523545706371191
