em: 0.2185595567867036
f1: 0.32215206996917695
acc: 0.3462603878116344
