em: 0.2299168975069252
f1: 0.33024031347608723
acc: 0.36121883656509696
