em: 0.3332409972299169
f1: 0.4695145013262854
acc: 0.48753462603878117
