em: 0.07396121883656509
f1: 0.12414599508813526
acc: 0.13462603878116344
