em: 0.09279778393351801
f1: 0.1478988159843132
acc: 0.15346260387811633
