em: 0.11551246537396122
f1: 0.18104678519386894
acc: 0.192797783933518
