em: 0.13933518005540166
f1: 0.2162001674652642
acc: 0.22880886426592797
