em: 0.07673130193905817
f1: 0.12808970693008165
acc: 0.13850415512465375
