em: 0.17146814404432134
f1: 0.25946694172392726
acc: 0.2678670360110803
