em: 0.24736842105263157
f1: 0.3552685297256875
acc: 0.3850415512465374
