em: 0.10720221606648199
f1: 0.17116090906617606
acc: 0.1786703601108033
