em: 0.3515235457063712
f1: 0.4822865047781401
acc: 0.5487534626038781
