em: 0.08310249307479224
f1: 0.1382254440155128
acc: 0.14570637119113575
