em: 0.11357340720221606
f1: 0.17668271911206432
acc: 0.18448753462603878
