em: 0.3041551246537396
f1: 0.4243856248415598
acc: 0.47229916897506924
