em: 0.10831024930747922
f1: 0.1671694221265698
acc: 0.1739612188365651
