em: 0.15096952908587258
f1: 0.230341431857716
acc: 0.23933518005540166
