em: 0.08642659279778393
f1: 0.14405683427729707
acc: 0.1523545706371191
