em: 0.18670360110803325
f1: 0.2818802768209676
acc: 0.3
