em: 0.1595567867036011
f1: 0.24011485656572973
acc: 0.25041551246537397
