em: 0.3626038781163435
f1: 0.4808780412541201
acc: 0.5429362880886427
