em: 0.16066481994459833
f1: 0.2402103601111334
acc: 0.2512465373961219
