em: 0.30498614958448755
f1: 0.41520479362198065
acc: 0.4534626038781163
