em: 0.09667590027700831
f1: 0.15478869946487844
acc: 0.16565096952908587
