em: 0.1698060941828255
f1: 0.2542370133924056
acc: 0.2590027700831025
