em: 0.07229916897506926
f1: 0.12116441236450184
acc: 0.1337950138504155
