em: 0.1362880886426593
f1: 0.210353183396088
acc: 0.22022160664819945
