em: 0.10526315789473684
f1: 0.16515055595927405
acc: 0.1745152354570637
