em: 0.14542936288088643
f1: 0.2218694740240522
acc: 0.23545706371191136
