em: 0.19722991689750694
f1: 0.2974245005151895
acc: 0.3146814404432133
