em: 0.13213296398891966
f1: 0.20278615976101183
acc: 0.210803324099723
