em: 0.1146814404432133
f1: 0.18024158497371548
acc: 0.1853185595567867
