em: 0.34958448753462606
f1: 0.463980795336862
acc: 0.518005540166205
