em: 0.1038781163434903
f1: 0.16404957973753323
acc: 0.17617728531855956
