em: 0.19390581717451524
f1: 0.2838523326709199
acc: 0.29889196675900276
