em: 0.09196675900277008
f1: 0.15296555845565354
acc: 0.16011080332409972
