em: 0.24736842105263157
f1: 0.34441985769358985
acc: 0.3631578947368421
