em: 0.41246537396121885
f1: 0.5287347599274991
acc: 0.5770083102493074
