em: 0.1221606648199446
f1: 0.18948654211714885
acc: 0.1955678670360111
