em: 0.32105263157894737
f1: 0.4435631741173742
acc: 0.49778393351800554
