em: 0.1781163434903047
f1: 0.262540533003434
acc: 0.2736842105263158
