em: 0.18725761772853186
f1: 0.27789534981905967
acc: 0.2914127423822715
