em: 0.26481994459833796
f1: 0.3670754332755184
acc: 0.3930747922437673
