em: 0.21606648199445982
f1: 0.30803669451906446
acc: 0.3299168975069252
