em: 0.2772853185595568
f1: 0.38258034085507303
acc: 0.4166204986149584
