em: 0.10831024930747922
f1: 0.17140347715746038
acc: 0.17617728531855956
