em: 0.2662049861495845
f1: 0.3755290097465199
acc: 0.4113573407202216
