em: 0.3204986149584488
f1: 0.43585877233584225
acc: 0.4772853185595568
