em: 0.13074792243767314
f1: 0.2037944247242654
acc: 0.21357340720221607
