em: 0.11440443213296399
f1: 0.17747699269883546
acc: 0.18642659279778392
