em: 0.278393351800554
f1: 0.39282002898277785
acc: 0.4293628808864266
