em: 0.17562326869806094
f1: 0.2651617779454675
acc: 0.2725761772853186
