em: 0.34182825484764545
f1: 0.46970312387913976
acc: 0.5332409972299169
