em: 0.12409972299168975
f1: 0.19064618948110676
acc: 0.20221606648199447
