em: 0.10083102493074793
f1: 0.1604274993220213
acc: 0.16814404432132965
