em: 0.1329639889196676
f1: 0.20379859367510228
acc: 0.2113573407202216
