em: 0.18781163434903048
f1: 0.27344136320769186
acc: 0.2889196675900277
