em: 0.3349030470914127
f1: 0.45040436208801543
acc: 0.5016620498614959
