em: 0.07922437673130193
f1: 0.1310189540881671
acc: 0.1362880886426593
