em: 0.12714681440443212
f1: 0.19567473254867743
acc: 0.20581717451523546
