em: 0.29584487534626036
f1: 0.4010885601982569
acc: 0.4368421052631579
