em: 0.16038781163434904
f1: 0.24694003294728667
acc: 0.2518005540166205
