em: 0.3271468144044321
f1: 0.4520562383404665
acc: 0.5066481994459834
